10101111 11011111 11111111 11111100
10101111 11000001 11111111 11111000
10101111 11000011 11111111 11110100
10101111 11000100 11111111 11110000
10101111 11000101 11111111 11101100
10101111 11000110 11111111 11101000
10101111 11001011 11111111 11100100
00000000 00000000 11111000 00010100
11111111 11111111 11111111 11100100
00000011 11011111 11110000 00100000
00000000 00000000 00100000 00010100
00000000 00000000 00000000 00000100
00000000 00000000 01011000 00010100
00000000 00000000 00000000 00000001
00000000 10100001 00101000 00100000
00000000 11000010 00110000 00100000
00010000 11000000 00000000 00000111
10001100 10100001 00000000 00000000
00000000 11001011 00110000 00100010
00000000 10100100 00101000 00100000
00000000 00000000 00011000 00010100
00000000 00000000 00000000 10001100
00000000 01100000 00000000 00001001
00010000 00000000 11111111 11111000
00000000 00000000 11111000 00010100
00000000 00000000 00000000 00011100
00000011 11011111 11110000 00100000
10001111 11011111 11111111 11111100
10001111 11000001 11111111 11111000
10001111 11000011 11111111 11110100
10001111 11000100 11111111 11110000
10001111 11000101 11111111 11101100
10001111 11000110 11111111 11101000
10001111 11001011 11111111 11100100
00000011 11100000 00000000 00001000
10101111 11000001 11111111 11111100
10101111 11000010 11111111 11111000
10101111 11000011 11111111 11110100
10101111 11000100 11111111 11110000
10101111 11000101 11111111 11101100
10101111 11000110 11111111 11101000
10101111 11000111 11111111 11100100
10101111 11001000 11111111 11100000
10101111 11001001 11111111 11011100
10101111 11001010 11111111 11011000
10101111 11001011 11111111 11010100
10101111 11001100 11111111 11010000
10101111 11001101 11111111 11001100
10101111 11001110 11111111 11001000
00000000 00000000 00010000 00010100
00000000 00000000 00000000 00111000
00000011 11000010 11110000 00100010
00000000 00000000 00100000 00010100
00111011 10011010 11001010 00000000
00000000 00000000 00111000 00010100
00000000 00000000 00000000 00110000
00000000 00000000 01000000 00010100
11111111 11111111 00000000 00001100
00000000 00000000 01001000 00010100
11111111 11111111 11111111 11111111
00000000 00000000 01010000 00010100
00000000 00000000 00000000 00001010
00000000 00000000 01011000 00010100
00000000 00000000 00000000 00000001
00000000 00000000 01101000 00010100
00000000 00000000 00000000 00101101
00010000 00100000 00000000 00010011
00000000 00100000 00110000 00100000
00000000 11000000 01100000 00101010
00010001 10000000 00000000 00000011
00000001 00100110 00110000 00100010
00000000 11001011 00110000 00100000
10101101 00001101 00000000 00000000
00010000 10000000 00000000 00001101
00000000 11000100 00000000 00011010
00000000 00000000 00101000 00010010
00000000 00000000 00110000 00010000
00000000 10001010 00000000 00011010
00000000 00000000 00100000 00010010
00010001 11000000 00000000 00000011
00000000 10100111 00101000 00100000
10101101 00000101 00000000 00000000
00010000 00000000 11111111 11110110
00010000 10100000 11111111 11110101
00000001 11001010 01110000 00100000
00010000 00000000 11111111 11111010
10101101 00000111 00000000 00000000
10101101 00001010 00000000 00000000
00000011 11000010 11110000 00100000
10001111 11000001 11111111 11111100
10001111 11000010 11111111 11111000
10001111 11000011 11111111 11110100
10001111 11000100 11111111 11110000
10001111 11000101 11111111 11101100
10001111 11000110 11111111 11101000
10001111 11000111 11111111 11100100
10001111 11001000 11111111 11100000
10001111 11001001 11111111 11011100
10001111 11001010 11111111 11011000
10001111 11001011 11111111 11010100
10001111 11001100 11111111 11010000
10001111 11001101 11111111 11001100
10001111 11001110 11111111 11001000
00000011 11100000 00000000 00001000
